DeltaR of truth jets to non init Children and init Children 

init |||| non init |||| PDG(non init) |||| PDG (init)

1.9721379006675575 1.9721379006675575 -5 -5
4.778006643454321 4.778006643454321 -5 -5
2.1960709043378634 2.1960709043378634 -5 -5
1.0171268245369864 1.0171268245369864 -5 -5
1.24894905886801 1.2772162953801076 -3 -3
4.7639579650468 4.796596540028794 -3 -3
3.9916738408128323 4.023629536718894 -3 -3
3.2525357752654207 3.283316655984713 -3 -3
1.6261779832729224 1.6299276080554908 -3 -3
1.180279700556613 1.1726753973420525 -3 -3
3.8463987470165004 3.8752758987589857 -3 -3
3.004463985877425 3.0339514206963014 -3 -3
0.019928138158364923 0.017172801112362274 -3 -3
2.985443975714801 3.0194277171318187 -3 -3
4.509753481813025 4.543691388933843 -3 -3
2.4095992055753617 2.10416187314588 4 4
1.9235368950043295 2.1840981438493596 4 4
1.3565091993137857 1.4744360672368018 4 4
1.3487928672293916 1.2658873511556457 4 4
3.491678285771555 3.1734155247657885 4 4
3.735555185439513 3.4003858090813095 4 4
1.9475508088710567 1.9370461165803636 4 4
1.752642719049886 1.6768665331026031 4 4
3.3251456118550964 2.986233310503792 4 4
0.3311919254872224 0.03928694960288303 4 4
1.2696898265461187 1.6027467548000582 4 4
2.2604019047871313 2.2604019047871313 5 5
5.446145926264547 5.446145926264547 5 5
4.025224807288748 4.025224807288748 5 5
3.2207824719620435 3.2207824719620435 5 5
0.6442976720795385 0.6442976720795385 5 5
0.008444126949253021 0.008444126949253021 5 5
3.6442761060398783 3.6442761060398783 5 5
3.907422314617157 3.907422314617157 5 5
1.1776501053942392 1.1776501053942392 5 5
3.397192626159988 3.397192626159988 5 5
4.994828931409076 4.994828931409076 5 5
1.5639874084418182 1.5639874084418182 11 11
4.795489161824356 4.795489161824356 11 11
3.6295492863312235 3.6295492863312235 11 11
2.849243989518585 2.849243989518585 11 11
0.9997771152238946 0.9997771152238946 11 11
0.7111525795102263 0.7111525795102263 11 11
3.377080199788962 3.377080199788962 11 11
3.2080758933923335 3.2080758933923335 11 11
0.6622154575114334 0.6622154575114334 11 11
2.8209282883035454 2.8209282883035454 11 11
4.4059396579251 4.4059396579251 11 11
2.3553057029585505 2.3553057029585505 -12 -12
5.897474433959876 5.897474433959876 -12 -12
5.555209266799221 5.555209266799221 -12 -12
4.838611319780615 4.838611319780615 -12 -12
2.9311896364960486 2.9311896364960486 -12 -12
2.305735160339766 2.305735160339766 -12 -12
5.4457511715345435 5.4457511715345435 -12 -12
3.9573576214738577 3.9573576214738577 -12 -12
1.5812507020759528 1.5812507020759528 -12 -12
4.42816348051004 4.42816348051004 -12 -12
5.838798713683153 5.838798713683153 -12 -12
1.768350421134421 1.768350421134421 -5 -5
1.968467723405375 1.968467723405375 -5 -5
3.1078448336795463 3.1078448336795463 -5 -5
2.92507594478847 2.92507594478847 -5 -5
3.9699722844930134 3.9699722844930134 -5 -5
3.9227451095886803 3.9227451095886803 -5 -5
3.614589284507032 3.614589284507032 -5 -5
0.007248958440465979 0.007248958440465979 -5 -5
3.024070791141906 3.024070791141906 -5 -5
1.7177808700180959 1.7177808700180959 -5 -5
2.2245046422413557 2.2245046422413557 -5 -5
1.015327163774799 1.015327163774799 -15 -15
2.5258767408953506 2.5258767408953506 -15 -15
3.7242598967706506 3.7242598967706506 -15 -15
3.329885787038421 3.329885787038421 -15 -15
3.6558562431183024 3.6558562431183024 -15 -15
4.290519762083373 4.290519762083373 -15 -15
4.379292770613645 4.379292770613645 -15 -15
3.3415317358053183 3.3415317358053183 -15 -15
3.9381798892539277 3.9381798892539277 -15 -15
3.990408163095749 3.990408163095749 -15 -15
2.868791685228984 2.868791685228984 -15 -15
3.648628240838821 3.648628240838821 -15 -15
0.8668997273714218 0.8668997273714218 -15 -15
0.6984408265482344 0.6984408265482344 16 16
1.78025546900811 1.78025546900811 16 16
3.1263105293379834 3.1263105293379834 16 16
2.154939146880129 2.154939146880129 16 16
2.5491317153160327 2.5491317153160327 16 16
3.0836662345850523 3.0836662345850523 16 16
3.402703572318306 3.402703572318306 16 16
2.9623794559659915 2.9623794559659915 16 16
2.9389422884484087 2.9389422884484087 16 16
3.5031079762038413 3.5031079762038413 16 16
1.567752351622011 1.567752351622011 16 16
2.826376419907332 2.826376419907332 16 16
0.4957891477782436 0.4957891477782436 16 16
0.005313700886654408 0.0014176351972743934 5 5
2.441678320570782 2.445021327434369 5 5
3.7762375211577104 3.779780981460471 5 5
2.34621825464069 2.343502292284795 5 5
2.6506156062130497 2.647367760464332 5 5
3.3120658475493663 3.3093919221716637 5 5
4.097123536498379 4.0993897789621885 5 5
3.555145969658726 3.559155053054112 5 5
2.9266514273679793 2.922857732081203 5 5
4.13144280038415 4.1352106537123845 5 5
2.0350140908107077 2.034225642507655 5 5
2.6605909782474932 2.656290957755751 5 5
0.7206539847019119 0.7250998457993941 5 5
3.710962553261631 3.710962553261631 -13 -13
1.40480631165776 1.40480631165776 -13 -13
0.5310965225181822 0.5310965225181822 -13 -13
4.470353226093348 4.470353226093348 -13 -13
4.946353174421995 4.946353174421995 -13 -13
5.047965546395072 5.047965546395072 -13 -13
1.939801623240127 1.939801623240127 -13 -13
0.1808449309683812 0.1808449309683812 -13 -13
5.483997354431347 5.483997354431347 -13 -13
0.4946428305920691 0.4946428305920691 -13 -13
3.4542358514428084 3.4542358514428084 -13 -13
5.628262801059821 5.628262801059821 -13 -13
3.012327214177459 3.012327214177459 -13 -13
2.283175199634087 2.283175199634087 14 14
1.0684189581804413 1.0684189581804413 14 14
1.8778291608627673 1.8778291608627673 14 14
3.7086576629333052 3.7086576629333052 14 14
4.162802723013174 4.162802723013174 14 14
4.5074808485395055 4.5074808485395055 14 14
2.8622155686401056 2.8622155686401056 14 14
1.4219148944525113 1.4219148944525113 14 14
4.63001531402382 4.63001531402382 14 14
2.084307627721286 2.084307627721286 14 14
2.8064028027943313 2.8064028027943313 14 14
4.606560088935655 4.606560088935655 14 14
1.5572210859876017 1.5572210859876017 14 14
3.893345435609077 4.139641877103308 5 5
1.464606784334014 1.7520159799454211 5 5
0.11944471489803375 0.4749020405852546 5 5
4.362775486732619 4.714869007813838 5 5
4.834694169974238 5.188062648687426 5 5
4.8535617354511285 5.218871488705522 5 5
1.4533395071898296 1.758909957543791 5 5
0.6741328559183697 0.6734650275272727 5 5
5.386646978254533 5.737564143558455 5 5
0.35841736216159015 0.010748794188919575 5 5
3.345100054583282 3.696041306923404 5 5
5.5911390708723365 5.92754667204726 5 5
3.2295554199052425 3.4551822513609123 5 5
3.3026564998402903 3.2692503864501425 1 1
3.7818902771027467 3.716826204019627 1 1
4.7700870292663655 4.70103266969407 1 1
0.9583196217179745 0.9261733581296475 1 1
0.784145821187411 0.7876961765322944 1 1
0.0396158264081489 0.046899626308083156 1 1
3.993826702786148 3.9244172119591365 1 1
5.022494607034649 4.95531363131342 1 1
1.0694838350479263 1.107269902344329 1 1
5.235992320285254 5.166919727837071 1 1
1.7151707445364102 1.6549238552825114 1 1
1.70794997471691 1.7376092706163355 1 1
3.578287459645394 3.5334850639882065 1 1
1.947879928653895 1.4005361305370525 -2 -2
2.0943051168893088 2.151042239051466 -2 -2
3.2454184554625307 3.4232048069729277 -2 -2
1.0121256103318543 1.1288691084080393 -2 -2
1.4882377651171483 1.559412263264485 -2 -2
1.7387631230819875 2.0386553404722765 -2 -2
2.862661814189451 3.253220962442417 -2 -2
3.3832207804642422 3.454118585196113 -2 -2
2.0284059346052605 2.0194738204114286 -2 -2
3.703164771771144 3.862248523385809 -2 -2
0.08944314199371486 0.6591617259455025 -2 -2
2.2568391463846287 2.0750468303100553 -2 -2
1.9738840722735158 1.5416441335175641 -2 -2
2.450025361093977 2.3487898801225486 -5 -5
3.3153220412917284 3.121862197331401 -5 -5
4.463111582021696 4.266723875982039 -5 -5
0.21674372270212525 0.02112610921103066 -5 -5
0.2635926352689672 0.4568005039870189 -5 -5
0.8971917241428791 0.9629687840517059 -5 -5
3.939252669559897 3.753980175065197 -5 -5
4.609226756085546 4.414416062815753 -5 -5
0.8082547609419691 1.0041772021446629 -5 -5
4.923596790527068 4.7271837324166555 -5 -5
1.2356971727869972 1.0393190079752468 -5 -5
1.1875550452514343 1.3504601864731591 -5 -5
2.7941821524641623 2.653801580408567 -5 -5
3.5688118913230857 3.5687929986282523 1 1
1.3235484745225978 1.3235134040208278 1 1
0.6768815046876187 0.6768454292962435 1 1
4.415737715610991 4.415699731074721 1 1
4.891784039658777 4.891746098856268 1 1
5.023288814843011 5.0232473081289 1 1
2.0611870321757437 2.061145343640325 1 1
0.026544836542256044 0.02649946676604206 1 1
5.423167555513037 5.423130565034438 1 1
0.6830841551824494 0.6830744784659794 1 1
3.40444375091125 3.404404962739198 1 1
5.546839614325588 5.546806024431166 1 1
2.86332120036215 2.8633045545997224 1 1
0.38006785619493255 0.6668693702715558 -2 -2
2.0750727937186606 2.6116300738522265 -2 -2
3.404847332016279 3.957061891875721 -2 -2
2.388723131409711 1.714002490125454 -2 -2
2.743183101209009 1.989272021006317 -2 -2
3.3418930005999323 2.678729353509285 -2 -2
3.7692311425560097 4.042820765778252 -2 -2
3.1803843705971517 3.8410070627914896 -2 -2
3.0782220867815773 2.2571820691746236 -2 -2
3.75705744103604 4.355274079717728 -2 -2
1.9153748983099042 1.6019944072513508 -2 -2
2.8818054797523036 2.0190473985890818 -2 -2
0.37015583950451136 1.222678079398052 -2 -2
2.446929744629841 2.4057830834636413 -5 -5
0.0024842359441549656 0.04764397832157629 -5 -5
1.3480453108816315 1.392733465849116 -5 -5
3.1016693953066268 3.057429392858633 -5 -5
3.576969712236753 3.532592466386122 -5 -5
3.7611030997188664 3.7210922856865376 -5 -5
1.886875068663165 1.9059430047293846 -5 -5
1.3059520326334528 1.3522444155370839 -5 -5
4.102540129927817 4.057392840468583 -5 -5
1.7469871611731844 1.7933793466038879 -5 -5
2.1004527887325244 2.057560537497676 -5 -5
4.224536899508186 4.177901686475989 -5 -5
1.8214989528381142 1.7850344710542754 -5 -5
0.15618951828903413 0.1348829312922129 1 1
3.0813391708692577 3.054315001009794 1 1
4.649971026877305 4.625101006394237 1 1
3.8225158097956733 3.796630678016745 1 1
1.0761454655818448 1.1029518978780017 1 1
2.0176479953700683 1.9903943773441783 1 1
4.2450648865582545 4.218552163956004 1 1
0.9319600099221101 0.911541086955324 1 1
1.7823790644236144 1.8074522498526042 1 1
1.6786857792949543 1.655673554215107 1 1
1.0717253618990865 1.0744575315526468 1 1
2.476537723996754 2.4491548576103885 1 1
3.5614707009908257 3.5357328006083657 1 1
0.7879503431928079 0.7879496959545651 -2 -2
2.323835359532232 2.3238380441739093 -2 -2
4.334780499749841 4.334783759683575 -2 -2
3.4363967092072856 3.436399958663456 -2 -2
1.9586383328313242 1.9586368291130574 -2 -2
1.5182582912941438 1.5182615375015618 -2 -2
3.778674484436802 3.7786776830132145 -2 -2
0.019845181056618796 0.019842198175709695 -2 -2
2.7008363109809714 2.700835033299124 -2 -2
1.66476015290977 1.6647630337710233 -2 -2
0.9338377010272821 0.9338344720768768 -2 -2
1.8603721069479082 1.8603752056493554 -2 -2
2.6968421360804924 2.696844218748536 -2 -2
0.05948493772838485 0.05948493772838485 -5 -5
2.888297168867829 2.888297168867829 -5 -5
4.544183799475979 4.544183799475979 -5 -5
3.699133390138979 3.699133390138979 -5 -5
1.2775700331756619 1.2775700331756619 -5 -5
1.8584955027181198 1.8584955027181198 -5 -5
4.107491242693294 4.107491242693294 -5 -5
0.7181122815520866 0.7181122815520866 -5 -5
1.9945121987099164 1.9945121987099164 -5 -5
1.6080159232865956 1.6080159232865956 -5 -5
0.9825948826729144 0.9825948826729144 -5 -5
2.302976453924695 2.302976453924695 -5 -5
3.3535677441289162 3.3535677441289162 -5 -5
1.9422095310742324 1.9422095310742324 13 13
1.8894500728851116 1.8894500728851116 13 13
2.6448375530825303 2.6448375530825303 13 13
1.856912736231685 1.856912736231685 13 13
2.923449294708756 2.923449294708756 13 13
0.7564409565369925 0.7564409565369925 13 13
2.328644965421048 2.328644965421048 13 13
1.8775226027594067 1.8775226027594067 13 13
3.422080234413308 3.422080234413308 13 13
0.3721268486705573 0.3721268486705573 13 13
2.7342689635436557 2.7342689635436557 13 13
1.1447144751565517 1.1447144751565517 13 13
2.6409674626670085 2.6409674626670085 13 13
1.4681654594057163 1.4681654594057163 -14 -14
1.9018184057623948 1.9018184057623948 -14 -14
3.106591777039724 3.106591777039724 -14 -14
2.2745047444148945 2.2745047444148945 -14 -14
2.523456084802079 2.523456084802079 -14 -14
0.659957246042143 0.659957246042143 -14 -14
2.710188755585607 2.710188755585607 -14 -14
1.3807168615693723 1.3807168615693723 -14 -14
3.084515509764607 3.084515509764607 -14 -14
0.3592435772638709 0.3592435772638709 -14 -14
2.2327117837342083 2.2327117837342083 -14 -14
1.1609713009849045 1.1609713009849045 -14 -14
2.587728883123513 2.587728883123513 -14 -14
1.9067082683339034 1.9140107406075613 -5 -5
1.2384431717345696 1.229520219838494 -5 -5
2.819578540970084 2.815848894851738 -5 -5
1.9152579936388339 1.9108238161971034 -5 -5
3.0652680608983554 3.0733054691782637 -5 -5
0.00399745492091729 0.012813998029285891 -5 -5
2.2698106118458536 2.2639854183544905 -5 -5
1.5402178065580518 1.5448966288193329 -5 -5
3.680040878780478 3.6885435901112404 -5 -5
0.9275799432776922 0.9358695923896747 -5 -5
2.4546534170736405 2.459420632378391 -5 -5
0.501577939002492 0.4926266746511533 -5 -5
1.9397171907277027 1.9312408165797854 -5 -5
4.039876588551124 4.145046767265567 -1 -1
1.8252651934263946 1.8509902189823004 -1 -1
0.9107136392163179 0.9398479442945104 -1 -1
0.42679830844304445 0.5613820295239437 -1 -1
5.12146632312733 5.236032161658302 -1 -1
2.170886242491956 2.2662336851377094 -1 -1
0.11116594087457847 0.05365477422001095 -1 -1
3.6985723636224135 3.7872319729097685 -1 -1
5.639749279104225 5.760964525798869 -1 -1
2.589718665097265 2.7112757637896423 -1 -1
4.612430811536865 4.69982674815134 -1 -1
1.8524496825389998 1.9283337901093038 -1 -1
2.3612227858427306 2.3492252215302805 -1 -1
1.9305259810796562 1.8422923345220625 2 2
4.820634196087842 4.736007456810313 2 2
5.97244985912879 5.909135217660145 2 2
5.262330011653068 5.19272065398595 2 2
0.7601654303529413 0.6723153204782969 2 2
3.669040127432619 3.5880754761584654 2 2
5.742672418671549 5.670838169423479 2 2
2.6820374291313795 2.5930822660642265 2 2
0.009148929141783424 0.09337222460747618 2 2
3.0419807677138464 2.9703900259660125 2 2
2.3569247484633604 2.2718681252802257 2 2
4.161687153457785 4.0796528965603365 2 2
5.335461818438164 5.248180343985678 2 2
3.713205381460162 3.748655199036829 5 5
1.8224499677486277 1.8523917378372987 5 5
0.9427208938337657 0.906678471953331 5 5
0.022329079392204177 0.022567981339367108 5 5
4.756097133312382 4.789672114032624 5 5
1.899361678702267 1.9360872677079644 5 5
0.5500637267002387 0.5304187064813606 5 5
3.4360746619886626 3.4727699382750554 5 5
5.248280716785349 5.279883102774042 5 5
2.203961712012588 2.2365830243625404 5 5
4.34985972536325 4.386525842398255 5 5
1.6666589099819316 1.702726540554017 5 5
2.4655885008621974 2.490454718790415 5 5
2.3287873786465028 2.2907574661689507 -1 -1
0.7802429371236854 0.8051227559928439 -1 -1
2.615188242340438 2.6455353633403784 -1 -1
1.6881868259668769 1.718915428820783 -1 -1
3.5120650424450988 3.4747258205348412 -1 -1
0.4787546147790153 0.4464105218399969 -1 -1
1.95736500032825 1.992771347045025 -1 -1
1.8625993477730114 1.8249325178239404 -1 -1
4.143208274356031 4.107066508543963 -1 -1
1.3649051993232197 1.3405741604143233 -1 -1
2.7682193942852336 2.7310061592950565 -1 -1
0.026948399195682742 0.061551393842768365 -1 -1
1.5210267370389579 1.5385668955210001 -1 -1
2.9963809510046 2.7185564049393993 2 2
0.05641054031840774 0.23415677234165502 2 2
2.707367069452056 2.847590055594729 2 2
1.8367137008359298 1.946920387635885 2 2
4.211255811068799 3.9353220102526816 2 2
1.2977151838968137 1.0804738910150908 2 2
1.8768772314371396 2.053293983875948 2 2
2.3935926309079147 2.110462201178651 2 2
4.882539680025573 4.612657277570764 2 2
2.1993246073789563 2.000317572305543 2 2
3.233094362019064 2.9525507220907534 2 2
0.8079168160316237 0.6297317620901968 2 2
0.7390549246578375 0.8689951661351837 2 2
3.374825268944211 3.4486933303237395 5 5
0.9350292259450899 0.7573812095161504 5 5
3.4945702963746648 3.2057961582847714 5 5
2.6800211304479378 2.410352003172961 5 5
4.586564098966878 4.668086108970869 5 5
2.0187626841285096 1.9455870280664629 5 5
2.6198102254753155 2.3263283526503145 5 5
2.6544328658431375 2.7594482851598623 5 5
5.309759791759863 5.375549364879147 5 5
2.9427759886047156 2.866798164418119 5 5
3.3442595947522813 3.5007684968495996 5 5
1.6040967803628579 1.4888720960999569 5 5
0.22994361010566522 0.0777413051611611 5 5


